# M31 Surface Brightness Profile
#  from http://adsabs.harvard.edu/abs/1987AJ.....94..306K
#
# Telescopes used:
#  0 -> MMT
#  1 -> 61cm
#  2 -> BL8000
#  3 -> C90
#  4 -> 105mm
#
#                    J,F filter Mag
#  Radius (") || Maj. Axis || Min. Axis || telescope
0.00 14.02 14.02 0
0.31 14.07 14.12 0
0.63 14.18 14.33 0
0.94 14.36 14.60 0
1.26 14.57 14.85 0
1.57 14.78 15.05 0
1.88 14.96 15.20 0
2.20 15.12 15.31 0
2.51 15.24 15.36 0
2.83 15.34 15.52 0
3.52 15.49 15.58 0
3.94 15.56 15.64 0
4.39 15.62 15.69 0
4.89 15.68 15.74 0
5.12 15.70 15.76 1
5.85 15.76 15.82 1
6.58 15.80 15.88 1
7.31 15.85 15.93 1
8.20 15.89 15.98 1
9.17 15.94 16.03 1
10.22 15.99 16.09 1
11.38 16.04 16.14 1
12.65 16.09 16.19 1
14.05 16.14 16.24 1
15.58 16.19 16.29 1
17.28 16.25 16.34 1
19.14 16.31 16.40 1
21.20 16.37 16.46 1
23.47 16.44 16.52 1
25.97 16.51 16.59 1
28.74 16.59 16.66 1
31.79 16.67 16.74 1
35.16 16.74 16.83 1
38.88 16.81 16.92 1
42.99 16.88 17.01 1
47.53 16.96 17.11 1
52.55 17.05 17.22 1
58.09 17.14 17.33 1
64.20 17.23 17.45 1
70.80 17.33 17.58 1
78.60 17.42 17.72 1
87.00 17.52 17.84 1
96.00 17.63 17.97 1
105.00 17.73 18.11 1
116.40 17.85 18.26 2
128.40 17.96 18.42 2
142.20 18.08 18.59 2
157.20 18.22 18.76 2
174.00 18.35 18.93 2
192.00 18.49 19.11 2
234.60 18.76 19.49 2
259.20 18.90 19.66 2
290.40 19.04 19.94 2
321.00 19.18 20.19 3
354.60 19.32 20.38 3
392.40 19.48 20.55 3
433.80 19.63 20.67 3
466.80 19.74 20.85 3
525.60 19.91 21.05 4
583.80 20.05 21.25 4
655.20 20.19 21.48 4
732.00 20.36 21.71 4
816.60 20.50 21.90 4
909.00 20.58 22.10 4
1010.40 20.70 22.34 4
1122.00 20.86 22.51 4
1244.40 21.03 22.75 4
1380.00 21.20 22.97 4
1528.80 21.30 23.24 4
1693.20 21.43 23.62 4
1874.40 21.56 23.75 4
2074.20 21.65 23.79 4
2295.00 21.70 24.24 4
2538.60 21.75 0.00 4
2808.00 21.88 0.00 4
3105.00 22.09 0.00 4
3433.20 22.46 0.00 4
3796.20 22.71 0.00 4
4197.00 23.02 0.00 4
4639.20 23.21 0.00 4
5128.20 23.63 0.00 4
5611.80 24.17 0.00 4